4294967294,1090
4294967294,1089
70,5
70,4
70,3
70,2
70,1
70,0
4294967294,902
4294967278,368
4294967279,363
4294967279,362
69,6
4294967294,479
4294967294,1088
4294967279,361
4294967278,367
69,5
69,4
69,3
69,2
69,1
69,0
68,5
68,4
68,3
68,2
68,1
68,0
4294967294,959
4294967294,958
4294967294,944
67,6
67,5
67,4
67,3
67,2
67,1
67,0
4294967278,366
4294967279,360
66,6
66,5
66,4
66,3
66,2
66,1
66,0
65,5
65,4
65,3
65,2
65,1
65,0
4294967278,365
4294967279,359
64,8
4294967278,364
64,7
4294967279,358
64,6
4294967279,357
4294967278,363
64,5
64,4
64,3
64,2
64,1
64,0
63,5
63,4
63,3
63,2
63,1
63,0
62,4
62,3
62,2
62,1
62,0
61,6
61,5
61,4
61,3
61,2
61,1
61,0
4294967279,356
60,5
60,4
60,3
60,2
60,1
60,0
4294967294,957
4294967279,355
59,7
59,6
59,5
59,4
59,3
59,2
59,1
59,0
4294967278,362
58,5
58,4
4294967278,361
58,3
58,2
58,1
58,0
57,5
57,4
57,3
57,2
57,1
57,0
56,4
56,3
56,2
56,1
56,0
4294967279,354
4294967294,478
55,5
55,4
55,3
55,2
55,1
55,0
4294967278,360
54,4
54,3
54,2
54,1
54,0
53,4
53,3
53,2
53,1
53,0
4294967279,353
52,5
52,4
52,3
52,2
52,1
52,0
51,5
51,4
51,3
51,2
51,1
51,0
4294967294,956
4294967294,955
4294967294,943
50,4
50,3
50,2
50,1
50,0
49,4
49,3
49,2
49,1
49,0
4294967294,954
4294967294,953
4294967294,946
48,4
48,3
48,2
48,1
48,0
4294967278,359
47,4
47,3
47,2
47,1
47,0
46,4
46,3
46,2
46,1
46,0
4294967278,358
45,4
45,3
45,2
45,1
45,0
4294967294,952
44,4
44,3
44,2
44,1
44,0
4294967278,357
43,4
43,3
43,2
43,1
43,0
4294967279,352
42,6
42,5
42,4
42,3
42,2
42,1
42,0
4294967279,351
4294967294,477
4294967278,356
4294967279,350
41,8
4294967279,349
4294967278,355
41,7
4294967278,354
4294967279,348
4294967279,347
4294967279,346
41,6
4294967278,353
41,5
41,4
41,3
41,2
41,1
41,0
40,5
40,4
40,3
40,2
40,1
40,0
4294967294,951
39,5
39,4
39,3
39,2
39,1
39,0
38,5
38,4
38,3
38,2
38,1
38,0
4294967279,345
4294967278,352
4294967279,344
37,8
4294967279,343
37,7
4294967279,342
4294967279,341
37,6
37,5
37,4
37,3
37,2
37,1
37,0
4294967279,340
36,8
4294967278,351
4294967278,350
36,7
4294967278,349
4294967279,339
36,6
36,5
36,4
36,3
36,2
36,1
36,0
4294967279,338
4294967279,337
4294967279,336
35,9
4294967279,335
35,8
4294967279,334
35,7
4294967294,476
35,6
35,5
35,4
35,3
35,2
35,1
35,0
4294967278,348
4294967278,347
4294967278,346
34,8
4294967278,345
4294967279,333
34,7
4294967278,344
4294967279,332
4294967278,343
34,6
4294967279,331
34,5
4294967279,330
34,4
34,3
34,2
34,1
34,0
4294967278,342
4294967278,341
33,5
33,4
33,3
33,2
33,1
33,0
4294967279,329
32,9
4294967278,340
32,8
4294967279,328
4294967278,339
32,7
32,6
32,5
32,4
32,3
32,2
32,1
32,0
31,7
4294967278,338
31,6
31,5
31,4
31,3
31,2
31,1
31,0
4294967294,436
30,8
4294967278,337
4294967279,327
4294967279,326
30,7
4294967294,950
4294967278,336
30,6
4294967294,949
4294967278,335
4294967279,325
30,5
30,4
30,3
30,2
30,1
30,0
4294967278,334
4294967279,324
4294967278,333
29,8
4294967294,948
4294967294,947
4294967294,475
4294967278,332
4294967279,323
29,7
4294967279,322
4294967278,331
4294967278,330
29,6
4294967294,474
4294967278,329
4294967279,321
29,5
29,4
29,3
29,2
29,1
29,0
4294967278,328
4294967294,945
4294967294,386
28,4
28,3
28,2
28,1
28,0
4294967294,908
27,4
27,3
27,2
27,1
27,0
4294967278,327
4294967294,910
4294967279,320
4294967278,326
4294967278,325
26,5
26,4
26,3
26,2
